CELL_A	LONGITUDE_A	LATITUDE_A	CELL_B	LONGITUDE_B	LATITUDE_B
60001	112.568	35.0946	60002	112.567	35.0929
60001	112.568	35.0946	60027	112.574	35.0939
60001	112.568	35.0946	60142	112.573	35.0923
60001	112.568	35.0946	60252	112.568	35.099
60001	112.568	35.0946	60305	112.574	35.0982
60001	112.568	35.0946	60312	112.567	35.0961
60001	112.568	35.0946	60349	112.567	35.0944
60002	112.567	35.0929	60142	112.573	35.0923
60002	112.567	35.0929	60255	112.561	35.0937
60002	112.567	35.0929	60342	112.567	35.0919
60002	112.567	35.0929	60349	112.567	35.0944
60003	112.703	35.0775	60082	112.724	35.0489
60003	112.703	35.0775	60110	112.685	35.0472
60003	112.703	35.0775	60117	112.683	35.1045
60003	112.703	35.0775	60146	112.66	35.0694
60003	112.703	35.0775	60171	112.737	35.0866
60003	112.703	35.0775	60172	112.698	35.0375
60003	112.703	35.0775	60237	112.708	35.0918
60003	112.703	35.0775	60289	112.662	35.0635
60004	112.281	35.1129	60037	112.266	35.1498
60004	112.281	35.1129	60136	112.29	35.0791
60004	112.281	35.1129	60162	112.308	35.1211
60004	112.281	35.1129	60175	112.269	35.0817
60004	112.281	35.1129	60236	112.258	35.1282
60005	112.712	35.1629	60052	112.721	35.1465
60005	112.712	35.1629	60108	112.715	35.1787
60005	112.712	35.1629	60150	112.703	35.1795
60005	112.712	35.1629	60244	112.694	35.1449
60005	112.712	35.1629	60294	112.703	35.1795
60005	112.712	35.1629	60300	112.723	35.1711
60006	112.544	35.1581	60036	112.564	35.1312
60006	112.544	35.1581	60062	112.578	35.1685
60006	112.544	35.1581	60144	112.512	35.1457
60006	112.544	35.1581	60147	112.541	35.1849
60006	112.544	35.1581	60212	112.531	35.1334
60006	112.544	35.1581	60222	112.574	35.1387
60006	112.544	35.1581	60287	112.581	35.1534
60006	112.544	35.1581	60304	112.538	35.1656
60007	112.518	34.9235	60049	112.447	34.923
60007	112.518	34.9235	60057	112.55	34.9652
60007	112.518	34.9235	60092	112.486	34.9498
60007	112.518	34.9235	60126	112.472	34.9325
60007	112.518	34.9235	60137	112.525	34.9568
60007	112.518	34.9235	60176	112.591	34.9842
60007	112.518	34.9235	60177	112.634	34.986
60008	112.587	35.0931	60009	112.586	35.0927
60008	112.587	35.0931	60078	112.588	35.0893
60008	112.587	35.0931	60149	112.584	35.0968
60008	112.587	35.0931	60249	112.592	35.0926
60008	112.587	35.0931	60250	112.592	35.0935
60008	112.587	35.0931	60343	112.589	35.0992
60009	112.586	35.0927	60078	112.588	35.0893
60009	112.586	35.0927	60141	112.582	35.0936
60009	112.586	35.0927	60149	112.584	35.0968
60009	112.586	35.0927	60163	112.585	35.0911
60009	112.586	35.0927	60164	112.585	35.0911
60010	112.498	35.1064	60148	112.521	35.1015
60010	112.498	35.1064	60154	112.489	35.1146
60010	112.498	35.1064	60159	112.48	35.0932
60010	112.498	35.1064	60211	112.51	35.1133
60010	112.498	35.1064	60243	112.501	35.0849
60011	112.129	35.1552	60012	112.129	35.1552
60011	112.129	35.1552	60046	112.162	35.1916
60011	112.129	35.1552	60087	112.19	35.136
60011	112.129	35.1552	60112	112.13	35.1224
60011	112.129	35.1552	60132	112.09	35.1516
60012	112.129	35.1552	60046	112.162	35.1916
60012	112.129	35.1552	60104	112.137	35.2072
60012	112.129	35.1552	60132	112.09	35.1516
60013	112.681	35.1337	60063	112.712	35.1077
60013	112.681	35.1337	60152	112.664	35.1274
60013	112.681	35.1337	60232	112.666	35.1426
60013	112.681	35.1337	60244	112.694	35.1449
60013	112.681	35.1337	60290	112.676	35.1169
60014	112.587	35.0407	60043	112.559	35.0501
60014	112.587	35.0407	60128	112.569	35.061
60014	112.587	35.0407	60168	112.613	35.021
60014	112.587	35.0407	60226	112.585	35.0619
60014	112.587	35.0407	60241	112.578	35.0243
60014	112.587	35.0407	60264	112.595	35.0468
60014	112.587	35.0407	60299	112.595	35.0468
60014	112.587	35.0407	60345	112.595	35.0469
60015	112.615	35.0898	60067	112.616	35.1054
60015	112.615	35.0898	60213	112.61	35.0873
60015	112.615	35.0898	60253	112.618	35.0808
60015	112.615	35.0898	60256	112.61	35.0989
60015	112.615	35.0898	60269	112.625	35.089
60015	112.615	35.0898	60282	112.614	35.0817
60015	112.615	35.0898	60341	112.611	35.0922
60016	112.578	35.0875	60017	112.578	35.0872
60016	112.578	35.0875	60075	112.572	35.087
60016	112.578	35.0875	60335	112.578	35.0908
60016	112.578	35.0875	60340	112.574	35.09
60017	112.578	35.0872	60075	112.572	35.087
60017	112.578	35.0872	60116	112.576	35.0794
60017	112.578	35.0872	60143	112.581	35.0926
60017	112.578	35.0872	60185	112.581	35.0798
60017	112.578	35.0872	60186	112.58	35.0797
60017	112.578	35.0872	60192	112.584	35.0859
60017	112.578	35.0872	60193	112.584	35.0857
60017	112.578	35.0872	60335	112.578	35.0908
60018	112.597	35.0905	60259	112.599	35.0911
60018	112.597	35.0905	60265	112.6	35.093
60018	112.597	35.0905	60301	112.595	35.0917
60018	112.597	35.0905	60336	112.597	35.0903
60018	112.597	35.0905	60354	112.597	35.0903
60019	112.588	35.1003	60149	112.584	35.0968
60019	112.588	35.1003	60218	112.591	35.1026
60019	112.588	35.1003	60293	112.585	35.1032
60019	112.588	35.1003	60343	112.589	35.0992
60020	112.561	35.1073	60161	112.551	35.1212
60020	112.561	35.1073	60165	112.551	35.0957
60020	112.561	35.1073	60201	112.568	35.0998
60020	112.561	35.1073	60230	112.539	35.1095
60020	112.561	35.1073	60255	112.561	35.0937
60020	112.561	35.1073	60270	112.569	35.1038
60020	112.561	35.1073	60330	112.566	35.1128
60021	112.587	35.0807	60022	112.588	35.08
60021	112.587	35.0807	60185	112.581	35.0798
60021	112.587	35.0807	60193	112.584	35.0857
60021	112.587	35.0807	60231	112.589	35.0832
60021	112.587	35.0807	60326	112.589	35.0764
60022	112.588	35.08	60060	112.589	35.0766
60022	112.588	35.08	60231	112.589	35.0832
60022	112.588	35.08	60261	112.591	35.0779
60022	112.588	35.08	60263	112.593	35.0791
60022	112.588	35.08	60326	112.589	35.0764
60023	112.618	35.177	60095	112.643	35.1292
60023	112.618	35.177	60109	112.659	35.1735
60023	112.618	35.177	60210	112.599	35.1768
60023	112.618	35.177	60281	112.59	35.2161
60023	112.618	35.177	60295	112.65	35.1856
60023	112.618	35.177	60307	112.612	35.1282
60023	112.618	35.177	60309	112.644	35.1912
60024	112.485	35.0757	60105	112.468	35.0495
60024	112.485	35.0757	60158	112.461	35.0834
60024	112.485	35.0757	60159	112.48	35.0932
60024	112.485	35.0757	60207	112.499	35.0556
60024	112.485	35.0757	60243	112.501	35.0849
60025	112.179	35.0108	60125	112.217	34.9996
60025	112.179	35.0108	60206	112.062	35.0684
60025	112.179	35.0108	60220	112.138	35.0371
60025	112.179	35.0108	60223	112.164	35.0374
60025	112.179	35.0108	60234	112.195	35.0337
60025	112.179	35.0108	60246	112.216	34.9837
60026	112.418	34.9234	60049	112.447	34.923
60026	112.418	34.9234	60174	112.361	34.9668
60026	112.418	34.9234	60194	112.394	34.9744
60026	112.418	34.9234	60208	112.421	34.9322
60026	112.418	34.9234	60246	112.216	34.9837
60027	112.574	35.0939	60028	112.576	35.0938
60027	112.574	35.0939	60113	112.574	35.0919
60027	112.574	35.0939	60142	112.573	35.0923
60027	112.574	35.0939	60305	112.574	35.0982
60028	112.576	35.0938	60113	112.574	35.0919
60028	112.576	35.0938	60141	112.582	35.0936
60028	112.576	35.0938	60143	112.581	35.0926
60028	112.576	35.0938	60187	112.578	35.0911
60028	112.576	35.0938	60188	112.579	35.0913
60028	112.576	35.0938	60305	112.574	35.0982
60028	112.576	35.0938	60310	112.581	35.0933
60028	112.576	35.0938	60335	112.578	35.0908
60029	112.587	35.0726	60061	112.59	35.076
60029	112.587	35.0726	60180	112.581	35.0698
60029	112.587	35.0726	60185	112.581	35.0798
60029	112.587	35.0726	60272	112.581	35.0691
60029	112.587	35.0726	60314	112.588	35.07
60029	112.587	35.0726	60326	112.589	35.0764
60029	112.587	35.0726	60338	112.593	35.0702
60030	112.602	35.076	60266	112.603	35.0772
60030	112.602	35.076	60273	112.602	35.0752
60030	112.602	35.076	60313	112.601	35.0764
60030	112.602	35.076	60321	112.602	35.0758
60030	112.602	35.076	60322	112.603	35.0775
60031	112.602	35.0752	60258	112.606	35.0744
60031	112.602	35.0752	60266	112.603	35.0772
60031	112.602	35.0752	60267	112.606	35.0761
60031	112.602	35.0752	60273	112.602	35.0752
60031	112.602	35.0752	60321	112.602	35.0758
60031	112.602	35.0752	60337	112.601	35.0733
60032	112.54	35.0975	60148	112.521	35.1015
60032	112.54	35.0975	60165	112.551	35.0957
60032	112.54	35.0975	60170	112.537	35.0795
60032	112.54	35.0975	60230	112.539	35.1095
60032	112.54	35.0975	60331	112.551	35.0956
60033	112.542	34.9933	60057	112.55	34.9652
60033	112.542	34.9933	60058	112.57	34.9921
60033	112.542	34.9933	60118	112.481	35.0206
60033	112.542	34.9933	60130	112.529	35.0233
60033	112.542	34.9933	60137	112.525	34.9568
60033	112.542	34.9933	60251	112.55	35.0278
60034	112.694	35.1987	60108	112.715	35.1787
60034	112.694	35.1987	60109	112.659	35.1735
60034	112.694	35.1987	60121	112.75	35.1678
60034	112.694	35.1987	60150	112.703	35.1795
60034	112.694	35.1987	60281	112.59	35.2161
60034	112.694	35.1987	60294	112.703	35.1795
60034	112.694	35.1987	60295	112.65	35.1856
60034	112.694	35.1987	60309	112.644	35.1912
60035	112.655	35.0945	60053	112.657	35.0694
60035	112.655	35.0945	60095	112.643	35.1292
60035	112.655	35.0945	60117	112.683	35.1045
60035	112.655	35.0945	60127	112.633	35.0954
60035	112.655	35.0945	60146	112.66	35.0694
60035	112.655	35.0945	60152	112.664	35.1274
60035	112.655	35.0945	60178	112.627	35.1149
60035	112.655	35.0945	60245	112.63	35.0842
60035	112.655	35.0945	60290	112.676	35.1169
60036	112.564	35.1312	60161	112.551	35.1212
60036	112.564	35.1312	60191	112.566	35.1129
60036	112.564	35.1312	60209	112.576	35.1202
60036	112.564	35.1312	60212	112.531	35.1334
60036	112.564	35.1312	60222	112.574	35.1387
60037	112.266	35.1498	60064	112.275	35.1825
60037	112.266	35.1498	60096	112.236	35.1698
60037	112.266	35.1498	60162	112.308	35.1211
60037	112.266	35.1498	60179	112.229	35.143
60037	112.266	35.1498	60235	112.303	35.176
60037	112.266	35.1498	60236	112.258	35.1282
60038	112.421	35.0859	60039	112.425	35.1072
60038	112.421	35.0859	60047	112.432	35.0177
60038	112.421	35.0859	60048	112.448	35.076
60038	112.421	35.0859	60101	112.391	35.0835
60038	112.421	35.0859	60103	112.38	35.0424
60038	112.421	35.0859	60155	112.4	35.0971
60039	112.425	35.1072	60048	112.448	35.076
60039	112.425	35.1072	60072	112.386	35.1139
60039	112.425	35.1072	60080	112.462	35.1055
60039	112.425	35.1072	60131	112.414	35.1378
60039	112.425	35.1072	60138	112.464	35.1308
60039	112.425	35.1072	60155	112.4	35.0971
60040	112.505	35.1647	60122	112.465	35.1745
60040	112.505	35.1647	60138	112.464	35.1308
60040	112.505	35.1647	60144	112.512	35.1457
60040	112.505	35.1647	60166	112.515	35.1851
60040	112.505	35.1647	60304	112.538	35.1656
60041	112.304	35.0073	60084	112.351	35.0333
60041	112.304	35.0073	60085	112.354	34.9977
60041	112.304	35.0073	60098	112.273	35.0281
60041	112.304	35.0073	60102	112.332	35.0535
60041	112.304	35.0073	60174	112.361	34.9668
60041	112.304	35.0073	60239	112.264	35.0181
60041	112.304	35.0073	60246	112.216	34.9837
60042	112.428	35.1815	60120	112.393	35.1411
60042	112.428	35.1815	60122	112.465	35.1745
60042	112.428	35.1815	60131	112.414	35.1378
60042	112.428	35.1815	60229	112.396	35.2265
60042	112.428	35.1815	60303	112.453	35.1521
60043	112.559	35.0501	60128	112.569	35.061
60043	112.559	35.0501	60133	112.54	35.0669
60043	112.559	35.0501	60153	112.566	35.0698
60043	112.559	35.0501	60241	112.578	35.0243
60043	112.559	35.0501	60251	112.55	35.0278
60044	112.657	35.0368	60110	112.685	35.0472
60044	112.657	35.0368	60139	112.645	35.0161
60044	112.657	35.0368	60151	112.631	35.031
60044	112.657	35.0368	60167	112.664	35.0032
60044	112.657	35.0368	60221	112.686	35.0247
60044	112.657	35.0368	60289	112.662	35.0635
60044	112.657	35.0368	60302	112.636	35.0543
60045	112.212	35.0642	60068	112.197	35.042
60045	112.212	35.0642	60089	112.228	35.077
60045	112.212	35.0642	60173	112.202	35.093
60045	112.212	35.0642	60248	112.211	35.0583
60046	112.162	35.1916	60087	112.19	35.136
60046	112.162	35.1916	60096	112.236	35.1698
60046	112.162	35.1916	60104	112.137	35.2072
60046	112.162	35.1916	60242	112.186	35.2466
60047	112.432	35.0177	60048	112.448	35.076
60047	112.432	35.0177	60091	112.414	34.9883
60047	112.432	35.0177	60103	112.38	35.0424
60047	112.432	35.0177	60106	112.447	35.0198
60047	112.432	35.0177	60123	112.447	35.0026
60047	112.432	35.0177	60240	112.371	35.0116
60048	112.448	35.076	60080	112.462	35.1055
60048	112.448	35.076	60105	112.468	35.0495
60048	112.448	35.076	60106	112.447	35.0198
60048	112.448	35.076	60158	112.461	35.0834
60049	112.447	34.923	60099	112.453	34.9649
60049	112.447	34.923	60126	112.472	34.9325
60049	112.447	34.923	60208	112.421	34.9322
60050	112.558	35.0917	60051	112.561	35.0767
60050	112.558	35.0917	60165	112.551	35.0957
60050	112.558	35.0917	60170	112.537	35.0795
60050	112.558	35.0917	60190	112.567	35.0872
60050	112.558	35.0917	60200	112.566	35.0819
60050	112.558	35.0917	60255	112.561	35.0937
60050	112.558	35.0917	60331	112.551	35.0956
60051	112.561	35.0767	60133	112.54	35.0669
60051	112.561	35.0767	60153	112.566	35.0698
60051	112.561	35.0767	60170	112.537	35.0795
60051	112.561	35.0767	60200	112.566	35.0819
60051	112.561	35.0767	60296	112.569	35.0716
60051	112.561	35.0767	60328	112.566	35.0817
60052	112.721	35.1465	60063	112.712	35.1077
60052	112.721	35.1465	60121	112.75	35.1678
60052	112.721	35.1465	60135	112.752	35.1444
60052	112.721	35.1465	60244	112.694	35.1449
60052	112.721	35.1465	60300	112.723	35.1711
60052	112.721	35.1465	60308	112.729	35.1346
60053	112.657	35.0694	60146	112.66	35.0694
60053	112.657	35.0694	60245	112.63	35.0842
60053	112.657	35.0694	60289	112.662	35.0635
60053	112.657	35.0694	60302	112.636	35.0543
60054	112.602	35.0837	60056	112.602	35.0837
60054	112.602	35.0837	60203	112.602	35.0836
60054	112.602	35.0837	60213	112.61	35.0873
60054	112.602	35.0837	60228	112.606	35.0821
60054	112.602	35.0837	60350	112.602	35.0903
60055	112.601	35.0834	60056	112.602	35.0837
60055	112.601	35.0834	60203	112.602	35.0836
60055	112.601	35.0834	60228	112.606	35.0821
60055	112.601	35.0834	60322	112.603	35.0775
60055	112.601	35.0834	60353	112.601	35.0833
60056	112.602	35.0837	60203	112.602	35.0836
60056	112.602	35.0837	60227	112.597	35.0887
60056	112.602	35.0837	60257	112.602	35.0903
60056	112.602	35.0837	60333	112.601	35.0833
60056	112.602	35.0837	60350	112.602	35.0903
60056	112.602	35.0837	60353	112.601	35.0833
60057	112.55	34.9652	60058	112.57	34.9921
60057	112.55	34.9652	60137	112.525	34.9568
60057	112.55	34.9652	60176	112.591	34.9842
60058	112.57	34.9921	60100	112.601	35.0038
60058	112.57	34.9921	60176	112.591	34.9842
60058	112.57	34.9921	60241	112.578	35.0243
60058	112.57	34.9921	60251	112.55	35.0278
60059	112.579	35.1056	60077	112.573	35.1002
60059	112.579	35.1056	60149	112.584	35.0968
60059	112.579	35.1056	60156	112.586	35.1082
60059	112.579	35.1056	60191	112.566	35.1129
60059	112.579	35.1056	60209	112.576	35.1202
60059	112.579	35.1056	60270	112.569	35.1038
60059	112.579	35.1056	60293	112.585	35.1032
60059	112.579	35.1056	60305	112.574	35.0982
60060	112.589	35.0766	60061	112.59	35.076
60060	112.589	35.0766	60261	112.591	35.0779
60060	112.589	35.0766	60326	112.589	35.0764
60061	112.59	35.076	60261	112.591	35.0779
60061	112.59	35.076	60285	112.593	35.0774
60061	112.59	35.076	60326	112.589	35.0764
60061	112.59	35.076	60338	112.593	35.0702
60061	112.59	35.076	60348	112.594	35.073
60062	112.578	35.1685	60147	112.541	35.1849
60062	112.578	35.1685	60210	112.599	35.1768
60062	112.578	35.1685	60233	112.58	35.1865
60062	112.578	35.1685	60287	112.581	35.1534
60063	112.712	35.1077	60093	112.741	35.1106
60063	112.712	35.1077	60117	112.683	35.1045
60063	112.712	35.1077	60171	112.737	35.0866
60063	112.712	35.1077	60237	112.708	35.0918
60063	112.712	35.1077	60244	112.694	35.1449
60063	112.712	35.1077	60290	112.676	35.1169
60063	112.712	35.1077	60308	112.729	35.1346
60064	112.275	35.1825	60096	112.236	35.1698
60064	112.275	35.1825	60229	112.396	35.2265
60064	112.275	35.1825	60235	112.303	35.176
60064	112.275	35.1825	60242	112.186	35.2466
60065	112.336	35.1138	60090	112.337	35.1134
60065	112.336	35.1138	60120	112.393	35.1411
60065	112.336	35.1138	60140	112.323	35.0921
60065	112.336	35.1138	60162	112.308	35.1211
60065	112.336	35.1138	60235	112.303	35.176
60066	112.353	35.1052	60072	112.386	35.1139
60066	112.353	35.1052	60090	112.337	35.1134
60066	112.353	35.1052	60101	112.391	35.0835
60066	112.353	35.1052	60120	112.393	35.1411
60066	112.353	35.1052	60225	112.35	35.0931
60067	112.616	35.1054	60127	112.633	35.0954
60067	112.616	35.1054	60178	112.627	35.1149
60067	112.616	35.1054	60256	112.61	35.0989
60067	112.616	35.1054	60269	112.625	35.089
60067	112.616	35.1054	60274	112.608	35.1103
60067	112.616	35.1054	60292	112.606	35.1058
60067	112.616	35.1054	60324	112.607	35.1011
60068	112.197	35.042	60111	112.25	35.0466
60068	112.197	35.042	60173	112.202	35.093
60068	112.197	35.042	60223	112.164	35.0374
60068	112.197	35.042	60224	112.154	35.0876
60068	112.197	35.042	60234	112.195	35.0337
60068	112.197	35.042	60248	112.211	35.0583
60069	112.593	35.0672	60071	112.593	35.067
60069	112.593	35.0672	60276	112.595	35.0688
60069	112.593	35.0672	60279	112.593	35.0685
60069	112.593	35.0672	60334	112.592	35.0672
60070	112.592	35.0671	60071	112.593	35.067
60070	112.592	35.0671	60271	112.59	35.0665
60070	112.592	35.0671	60323	112.59	35.0675
60070	112.592	35.0671	60334	112.592	35.0672
60071	112.593	35.067	60169	112.601	35.057
60071	112.593	35.067	60271	112.59	35.0665
60071	112.593	35.067	60276	112.595	35.0688
60071	112.593	35.067	60320	112.599	35.0642
60071	112.593	35.067	60334	112.592	35.0672
60072	112.386	35.1139	60101	112.391	35.0835
60072	112.386	35.1139	60120	112.393	35.1411
60072	112.386	35.1139	60131	112.414	35.1378
60072	112.386	35.1139	60155	112.4	35.0971
60073	112.514	35.0682	60094	112.505	35.0367
60073	112.514	35.0682	60133	112.54	35.0669
60073	112.514	35.0682	60148	112.521	35.1015
60073	112.514	35.0682	60170	112.537	35.0795
60073	112.514	35.0682	60207	112.499	35.0556
60073	112.514	35.0682	60243	112.501	35.0849
60074	112.571	35.0869	60075	112.572	35.087
60074	112.571	35.0869	60115	112.573	35.0785
60074	112.571	35.0869	60116	112.576	35.0794
60074	112.571	35.0869	60189	112.567	35.0871
60074	112.571	35.0869	60190	112.567	35.0872
60074	112.571	35.0869	60199	112.567	35.0817
60074	112.571	35.0869	60342	112.567	35.0919
60075	112.572	35.087	60116	112.576	35.0794
60075	112.572	35.087	60142	112.573	35.0923
60075	112.572	35.087	60340	112.574	35.09
60075	112.572	35.087	60342	112.567	35.0919
60076	112.524	35.1234	60144	112.512	35.1457
60076	112.524	35.1234	60148	112.521	35.1015
60076	112.524	35.1234	60211	112.51	35.1133
60076	112.524	35.1234	60212	112.531	35.1334
60076	112.524	35.1234	60230	112.539	35.1095
60077	112.573	35.1002	60201	112.568	35.0998
60077	112.573	35.1002	60252	112.568	35.099
60077	112.573	35.1002	60270	112.569	35.1038
60077	112.573	35.1002	60305	112.574	35.0982
60078	112.588	35.0893	60079	112.588	35.0883
60078	112.588	35.0893	60163	112.585	35.0911
60078	112.588	35.0893	60192	112.584	35.0859
60078	112.588	35.0893	60249	112.592	35.0926
60078	112.588	35.0893	60306	112.592	35.0897
60079	112.588	35.0883	60192	112.584	35.0859
60079	112.588	35.0883	60193	112.584	35.0857
60079	112.588	35.0883	60231	112.589	35.0832
60079	112.588	35.0883	60306	112.592	35.0897
60080	112.462	35.1055	60138	112.464	35.1308
60080	112.462	35.1055	60154	112.489	35.1146
60080	112.462	35.1055	60158	112.461	35.0834
60080	112.462	35.1055	60159	112.48	35.0932
60081	112.625	35.0403	60151	112.631	35.031
60081	112.625	35.0403	60168	112.613	35.021
60081	112.625	35.0403	60169	112.601	35.057
60081	112.625	35.0403	60264	112.595	35.0468
60081	112.625	35.0403	60278	112.621	35.0685
60081	112.625	35.0403	60291	112.605	35.0618
60081	112.625	35.0403	60302	112.636	35.0543
60082	112.724	35.0489	60119	112.75	35.1045
60082	112.724	35.0489	60167	112.664	35.0032
60082	112.724	35.0489	60171	112.737	35.0866
60082	112.724	35.0489	60172	112.698	35.0375
60082	112.724	35.0489	60221	112.686	35.0247
60083	112.349	35.0714	60084	112.351	35.0333
60083	112.349	35.0714	60101	112.391	35.0835
60083	112.349	35.0714	60102	112.332	35.0535
60083	112.349	35.0714	60103	112.38	35.0424
60083	112.349	35.0714	60140	112.323	35.0921
60083	112.349	35.0714	60225	112.35	35.0931
60084	112.351	35.0333	60085	112.354	34.9977
60084	112.351	35.0333	60102	112.332	35.0535
60084	112.351	35.0333	60103	112.38	35.0424
60084	112.351	35.0333	60240	112.371	35.0116
60085	112.354	34.9977	60174	112.361	34.9668
60085	112.354	34.9977	60194	112.394	34.9744
60085	112.354	34.9977	60240	112.371	35.0116
60086	112.075	35.1364	60132	112.09	35.1516
60086	112.075	35.1364	60204	112.056	35.1816
60086	112.075	35.1364	60205	112.058	35.1022
60086	112.075	35.1364	60238	112.082	35.1088
60087	112.19	35.136	60096	112.236	35.1698
60087	112.19	35.136	60112	112.13	35.1224
60087	112.19	35.136	60134	112.174	35.1064
60087	112.19	35.136	60179	112.229	35.143
60087	112.19	35.136	60181	112.217	35.1143
60088	112.231	35.1185	60089	112.228	35.077
60088	112.231	35.1185	60175	112.269	35.0817
60088	112.231	35.1185	60179	112.229	35.143
60088	112.231	35.1185	60181	112.217	35.1143
60088	112.231	35.1185	60236	112.258	35.1282
60089	112.228	35.077	60111	112.25	35.0466
60089	112.228	35.077	60173	112.202	35.093
60089	112.228	35.077	60175	112.269	35.0817
60089	112.228	35.077	60181	112.217	35.1143
60089	112.228	35.077	60248	112.211	35.0583
60090	112.337	35.1134	60120	112.393	35.1411
60090	112.337	35.1134	60140	112.323	35.0921
60090	112.337	35.1134	60225	112.35	35.0931
60091	112.414	34.9883	60099	112.453	34.9649
60091	112.414	34.9883	60123	112.447	35.0026
60091	112.414	34.9883	60194	112.394	34.9744
60091	112.414	34.9883	60208	112.421	34.9322
60091	112.414	34.9883	60240	112.371	35.0116
60092	112.486	34.9498	60099	112.453	34.9649
60092	112.486	34.9498	60118	112.481	35.0206
60092	112.486	34.9498	60126	112.472	34.9325
60092	112.486	34.9498	60137	112.525	34.9568
60093	112.741	35.1106	60119	112.75	35.1045
60093	112.741	35.1106	60135	112.752	35.1444
60093	112.741	35.1106	60171	112.737	35.0866
60093	112.741	35.1106	60308	112.729	35.1346
60094	112.505	35.0367	60105	112.468	35.0495
60094	112.505	35.0367	60118	112.481	35.0206
60094	112.505	35.0367	60130	112.529	35.0233
60094	112.505	35.0367	60133	112.54	35.0669
60094	112.505	35.0367	60207	112.499	35.0556
60095	112.643	35.1292	60109	112.659	35.1735
60095	112.643	35.1292	60152	112.664	35.1274
60095	112.643	35.1292	60178	112.627	35.1149
60095	112.643	35.1292	60232	112.666	35.1426
60095	112.643	35.1292	60307	112.612	35.1282
60096	112.236	35.1698	60179	112.229	35.143
60096	112.236	35.1698	60242	112.186	35.2466
60097	112.086	35.0698	60112	112.13	35.1224
60097	112.086	35.0698	60205	112.058	35.1022
60097	112.086	35.0698	60206	112.062	35.0684
60097	112.086	35.0698	60220	112.138	35.0371
60097	112.086	35.0698	60224	112.154	35.0876
60097	112.086	35.0698	60238	112.082	35.1088
60098	112.273	35.0281	60102	112.332	35.0535
60098	112.273	35.0281	60111	112.25	35.0466
60098	112.273	35.0281	60136	112.29	35.0791
60098	112.273	35.0281	60175	112.269	35.0817
60098	112.273	35.0281	60239	112.264	35.0181
60099	112.453	34.9649	60118	112.481	35.0206
60099	112.453	34.9649	60123	112.447	35.0026
60099	112.453	34.9649	60126	112.472	34.9325
60099	112.453	34.9649	60208	112.421	34.9322
60100	112.601	35.0038	60168	112.613	35.021
60100	112.601	35.0038	60176	112.591	34.9842
60100	112.601	35.0038	60241	112.578	35.0243
60100	112.601	35.0038	60247	112.627	34.9992
60101	112.391	35.0835	60103	112.38	35.0424
60101	112.391	35.0835	60155	112.4	35.0971
60101	112.391	35.0835	60225	112.35	35.0931
60102	112.332	35.0535	60136	112.29	35.0791
60102	112.332	35.0535	60140	112.323	35.0921
60103	112.38	35.0424	60240	112.371	35.0116
60104	112.137	35.2072	60107	112.116	35.2525
60104	112.137	35.2072	60132	112.09	35.1516
60104	112.137	35.2072	60204	112.056	35.1816
60104	112.137	35.2072	60242	112.186	35.2466
60105	112.468	35.0495	60106	112.447	35.0198
60105	112.468	35.0495	60118	112.481	35.0206
60105	112.468	35.0495	60158	112.461	35.0834
60105	112.468	35.0495	60207	112.499	35.0556
60106	112.447	35.0198	60118	112.481	35.0206
60106	112.447	35.0198	60123	112.447	35.0026
60107	112.116	35.2525	60204	112.056	35.1816
60107	112.116	35.2525	60242	112.186	35.2466
60107	112.116	35.2525	60281	112.59	35.2161
60108	112.715	35.1787	60121	112.75	35.1678
60108	112.715	35.1787	60150	112.703	35.1795
60108	112.715	35.1787	60300	112.723	35.1711
60109	112.659	35.1735	60232	112.666	35.1426
60109	112.659	35.1735	60244	112.694	35.1449
60109	112.659	35.1735	60294	112.703	35.1795
60109	112.659	35.1735	60295	112.65	35.1856
60110	112.685	35.0472	60172	112.698	35.0375
60110	112.685	35.0472	60221	112.686	35.0247
60110	112.685	35.0472	60289	112.662	35.0635
60111	112.25	35.0466	60125	112.217	34.9996
60111	112.25	35.0466	60175	112.269	35.0817
60111	112.25	35.0466	60234	112.195	35.0337
60111	112.25	35.0466	60239	112.264	35.0181
60111	112.25	35.0466	60248	112.211	35.0583
60112	112.13	35.1224	60132	112.09	35.1516
60112	112.13	35.1224	60134	112.174	35.1064
60112	112.13	35.1224	60224	112.154	35.0876
60112	112.13	35.1224	60238	112.082	35.1088
60113	112.574	35.0919	60142	112.573	35.0923
60113	112.574	35.0919	60254	112.574	35.0919
60113	112.574	35.0919	60335	112.578	35.0908
60113	112.574	35.0919	60340	112.574	35.09
60114	112.6	35.0703	60217	112.6	35.0701
60114	112.6	35.0703	60268	112.605	35.0667
60114	112.6	35.0703	60277	112.596	35.0711
60114	112.6	35.0703	60337	112.601	35.0733
60115	112.573	35.0785	60116	112.576	35.0794
60115	112.573	35.0785	60199	112.567	35.0817
60115	112.573	35.0785	60296	112.569	35.0716
60115	112.573	35.0785	60297	112.569	35.0716
60115	112.573	35.0785	60339	112.572	35.0711
60115	112.573	35.0785	60346	112.569	35.0714
60115	112.573	35.0785	60347	112.574	35.0708
60116	112.576	35.0794	60180	112.581	35.0698
60116	112.576	35.0794	60186	112.58	35.0797
60116	112.576	35.0794	60347	112.574	35.0708
60117	112.683	35.1045	60146	112.66	35.0694
60117	112.683	35.1045	60237	112.708	35.0918
60117	112.683	35.1045	60290	112.676	35.1169
60118	112.481	35.0206	60123	112.447	35.0026
60118	112.481	35.0206	60130	112.529	35.0233
60118	112.481	35.0206	60137	112.525	34.9568
60119	112.75	35.1045	60135	112.752	35.1444
60119	112.75	35.1045	60171	112.737	35.0866
60120	112.393	35.1411	60131	112.414	35.1378
60120	112.393	35.1411	60229	112.396	35.2265
60120	112.393	35.1411	60235	112.303	35.176
60121	112.75	35.1678	60135	112.752	35.1444
60121	112.75	35.1678	60300	112.723	35.1711
60122	112.465	35.1745	60138	112.464	35.1308
60122	112.465	35.1745	60166	112.515	35.1851
60122	112.465	35.1745	60229	112.396	35.2265
60122	112.465	35.1745	60303	112.453	35.1521
60124	112.61	35.0715	60196	112.609	35.0741
60124	112.61	35.0715	60253	112.618	35.0808
60124	112.61	35.0715	60258	112.606	35.0744
60124	112.61	35.0715	60268	112.605	35.0667
60124	112.61	35.0715	60278	112.621	35.0685
60124	112.61	35.0715	60291	112.605	35.0618
60124	112.61	35.0715	60329	112.608	35.0739
60125	112.217	34.9996	60234	112.195	35.0337
60125	112.217	34.9996	60239	112.264	35.0181
60125	112.217	34.9996	60246	112.216	34.9837
60127	112.633	35.0954	60178	112.627	35.1149
60127	112.633	35.0954	60245	112.63	35.0842
60127	112.633	35.0954	60269	112.625	35.089
60128	112.569	35.061	60153	112.566	35.0698
60128	112.569	35.061	60202	112.573	35.0705
60128	112.569	35.061	60226	112.585	35.0619
60128	112.569	35.061	60298	112.57	35.0706
60128	112.569	35.061	60327	112.579	35.0686
60129	112.595	35.1276	60156	112.586	35.1082
60129	112.595	35.1276	60157	112.595	35.1097
60129	112.595	35.1276	60209	112.576	35.1202
60129	112.595	35.1276	60222	112.574	35.1387
60129	112.595	35.1276	60274	112.608	35.1103
60129	112.595	35.1276	60287	112.581	35.1534
60129	112.595	35.1276	60307	112.612	35.1282
60130	112.529	35.0233	60133	112.54	35.0669
60130	112.529	35.0233	60251	112.55	35.0278
60131	112.414	35.1378	60138	112.464	35.1308
60131	112.414	35.1378	60303	112.453	35.1521
60132	112.09	35.1516	60204	112.056	35.1816
60132	112.09	35.1516	60238	112.082	35.1088
60133	112.54	35.0669	60153	112.566	35.0698
60133	112.54	35.0669	60170	112.537	35.0795
60133	112.54	35.0669	60251	112.55	35.0278
60134	112.174	35.1064	60173	112.202	35.093
60134	112.174	35.1064	60181	112.217	35.1143
60134	112.174	35.1064	60224	112.154	35.0876
60135	112.752	35.1444	60308	112.729	35.1346
60136	112.29	35.0791	60140	112.323	35.0921
60136	112.29	35.0791	60162	112.308	35.1211
60136	112.29	35.0791	60175	112.269	35.0817
60138	112.464	35.1308	60144	112.512	35.1457
60138	112.464	35.1308	60154	112.489	35.1146
60138	112.464	35.1308	60303	112.453	35.1521
60139	112.645	35.0161	60151	112.631	35.031
60139	112.645	35.0161	60167	112.664	35.0032
60139	112.645	35.0161	60177	112.634	34.986
60139	112.645	35.0161	60247	112.627	34.9992
60140	112.323	35.0921	60162	112.308	35.1211
60140	112.323	35.0921	60225	112.35	35.0931
60141	112.582	35.0936	60149	112.584	35.0968
60141	112.582	35.0936	60164	112.585	35.0911
60141	112.582	35.0936	60305	112.574	35.0982
60141	112.582	35.0936	60310	112.581	35.0933
60142	112.573	35.0923	60254	112.574	35.0919
60142	112.573	35.0923	60340	112.574	35.09
60142	112.573	35.0923	60342	112.567	35.0919
60143	112.581	35.0926	60164	112.585	35.0911
60143	112.581	35.0926	60188	112.579	35.0913
60143	112.581	35.0926	60192	112.584	35.0859
60143	112.581	35.0926	60310	112.581	35.0933
60143	112.581	35.0926	60335	112.578	35.0908
60144	112.512	35.1457	60154	112.489	35.1146
60144	112.512	35.1457	60211	112.51	35.1133
60144	112.512	35.1457	60212	112.531	35.1334
60144	112.512	35.1457	60304	112.538	35.1656
60145	112.602	35.0945	60195	112.605	35.0961
60145	112.602	35.0945	60219	112.595	35.0956
60145	112.602	35.0945	60265	112.6	35.093
60145	112.602	35.0945	60324	112.607	35.1011
60145	112.602	35.0945	60351	112.602	35.0942
60146	112.66	35.0694	60289	112.662	35.0635
60147	112.541	35.1849	60166	112.515	35.1851
60147	112.541	35.1849	60233	112.58	35.1865
60147	112.541	35.1849	60281	112.59	35.2161
60147	112.541	35.1849	60304	112.538	35.1656
60148	112.521	35.1015	60170	112.537	35.0795
60148	112.521	35.1015	60211	112.51	35.1133
60148	112.521	35.1015	60230	112.539	35.1095
60148	112.521	35.1015	60243	112.501	35.0849
60149	112.584	35.0968	60293	112.585	35.1032
60149	112.584	35.0968	60305	112.574	35.0982
60149	112.584	35.0968	60343	112.589	35.0992
60150	112.703	35.1795	60294	112.703	35.1795
60151	112.631	35.031	60168	112.613	35.021
60151	112.631	35.031	60247	112.627	34.9992
60151	112.631	35.031	60302	112.636	35.0543
60152	112.664	35.1274	60232	112.666	35.1426
60152	112.664	35.1274	60290	112.676	35.1169
60153	112.566	35.0698	60296	112.569	35.0716
60153	112.566	35.0698	60298	112.57	35.0706
60154	112.489	35.1146	60159	112.48	35.0932
60154	112.489	35.1146	60211	112.51	35.1133
60156	112.586	35.1082	60157	112.595	35.1097
60156	112.586	35.1082	60209	112.576	35.1202
60156	112.586	35.1082	60218	112.591	35.1026
60156	112.586	35.1082	60293	112.585	35.1032
60157	112.595	35.1097	60218	112.591	35.1026
60157	112.595	35.1097	60274	112.608	35.1103
60157	112.595	35.1097	60292	112.606	35.1058
60158	112.461	35.0834	60159	112.48	35.0932
60159	112.48	35.0932	60243	112.501	35.0849
60160	112.602	35.0908	60257	112.602	35.0903
60160	112.602	35.0908	60280	112.602	35.0909
60160	112.602	35.0908	60311	112.6	35.0914
60160	112.602	35.0908	60350	112.602	35.0903
60161	112.551	35.1212	60191	112.566	35.1129
60161	112.551	35.1212	60212	112.531	35.1334
60161	112.551	35.1212	60230	112.539	35.1095
60161	112.551	35.1212	60330	112.566	35.1128
60162	112.308	35.1211	60235	112.303	35.176
60163	112.585	35.0911	60164	112.585	35.0911
60163	112.585	35.0911	60192	112.584	35.0859
60164	112.585	35.0911	60192	112.584	35.0859
60164	112.585	35.0911	60310	112.581	35.0933
60165	112.551	35.0957	60230	112.539	35.1095
60165	112.551	35.0957	60255	112.561	35.0937
60165	112.551	35.0957	60331	112.551	35.0956
60166	112.515	35.1851	60229	112.396	35.2265
60166	112.515	35.1851	60281	112.59	35.2161
60166	112.515	35.1851	60304	112.538	35.1656
60167	112.664	35.0032	60177	112.634	34.986
60167	112.664	35.0032	60221	112.686	35.0247
60168	112.613	35.021	60241	112.578	35.0243
60168	112.613	35.021	60247	112.627	34.9992
60168	112.613	35.021	60264	112.595	35.0468
60169	112.601	35.057	60226	112.585	35.0619
60169	112.601	35.057	60264	112.595	35.0468
60169	112.601	35.057	60271	112.59	35.0665
60169	112.601	35.057	60288	112.6	35.0636
60169	112.601	35.057	60291	112.605	35.0618
60169	112.601	35.057	60320	112.599	35.0642
60169	112.601	35.057	60345	112.595	35.0469
60170	112.537	35.0795	60331	112.551	35.0956
60171	112.737	35.0866	60237	112.708	35.0918
60172	112.698	35.0375	60221	112.686	35.0247
60173	112.202	35.093	60181	112.217	35.1143
60173	112.202	35.093	60224	112.154	35.0876
60174	112.361	34.9668	60194	112.394	34.9744
60174	112.361	34.9668	60246	112.216	34.9837
60175	112.269	35.0817	60236	112.258	35.1282
60176	112.591	34.9842	60177	112.634	34.986
60176	112.591	34.9842	60247	112.627	34.9992
60177	112.634	34.986	60247	112.627	34.9992
60178	112.627	35.1149	60274	112.608	35.1103
60178	112.627	35.1149	60307	112.612	35.1282
60179	112.229	35.143	60181	112.217	35.1143
60179	112.229	35.143	60236	112.258	35.1282
60180	112.581	35.0698	60185	112.581	35.0798
60180	112.581	35.0698	60186	112.58	35.0797
60180	112.581	35.0698	60215	112.579	35.0689
60180	112.581	35.0698	60216	112.581	35.0691
60180	112.581	35.0698	60272	112.581	35.0691
60180	112.581	35.0698	60347	112.574	35.0708
60182	112.595	35.0767	60184	112.596	35.0763
60182	112.595	35.0767	60262	112.593	35.0775
60182	112.595	35.0767	60285	112.593	35.0774
60182	112.595	35.0767	60286	112.594	35.0779
60182	112.595	35.0767	60325	112.596	35.0767
60182	112.595	35.0767	60348	112.594	35.073
60183	112.596	35.0763	60184	112.596	35.0763
60183	112.596	35.0763	60277	112.596	35.0711
60183	112.596	35.0763	60283	112.599	35.0771
60183	112.596	35.0763	60284	112.599	35.0769
60183	112.596	35.0763	60325	112.596	35.0767
60183	112.596	35.0763	60337	112.601	35.0733
60183	112.596	35.0763	60348	112.594	35.073
60184	112.596	35.0763	60325	112.596	35.0767
60184	112.596	35.0763	60348	112.594	35.073
60185	112.581	35.0798	60186	112.58	35.0797
60185	112.581	35.0798	60193	112.584	35.0857
60185	112.581	35.0798	60326	112.589	35.0764
60187	112.578	35.0911	60188	112.579	35.0913
60187	112.578	35.0911	60335	112.578	35.0908
60188	112.579	35.0913	60335	112.578	35.0908
60189	112.567	35.0871	60190	112.567	35.0872
60189	112.567	35.0871	60199	112.567	35.0817
60189	112.567	35.0871	60200	112.566	35.0819
60190	112.567	35.0872	60200	112.566	35.0819
60190	112.567	35.0872	60255	112.561	35.0937
60190	112.567	35.0872	60342	112.567	35.0919
60191	112.566	35.1129	60209	112.576	35.1202
60191	112.566	35.1129	60270	112.569	35.1038
60191	112.566	35.1129	60330	112.566	35.1128
60192	112.584	35.0859	60193	112.584	35.0857
60193	112.584	35.0857	60231	112.589	35.0832
60194	112.394	34.9744	60208	112.421	34.9322
60194	112.394	34.9744	60240	112.371	35.0116
60195	112.605	35.0961	60256	112.61	35.0989
60195	112.605	35.0961	60280	112.602	35.0909
60195	112.605	35.0961	60324	112.607	35.1011
60195	112.605	35.0961	60341	112.611	35.0922
60195	112.605	35.0961	60351	112.602	35.0942
60196	112.609	35.0741	60253	112.618	35.0808
60196	112.609	35.0741	60267	112.606	35.0761
60196	112.609	35.0741	60282	112.614	35.0817
60196	112.609	35.0741	60329	112.608	35.0739
60197	112.596	35.0816	60198	112.596	35.0816
60197	112.596	35.0816	60231	112.589	35.0832
60197	112.596	35.0816	60263	112.593	35.0791
60197	112.596	35.0816	60283	112.599	35.0771
60197	112.596	35.0816	60286	112.594	35.0779
60197	112.596	35.0816	60306	112.592	35.0897
60197	112.596	35.0816	60325	112.596	35.0767
60198	112.596	35.0816	60227	112.597	35.0887
60198	112.596	35.0816	60283	112.599	35.0771
60198	112.596	35.0816	60306	112.592	35.0897
60198	112.596	35.0816	60333	112.601	35.0833
60199	112.567	35.0817	60200	112.566	35.0819
60199	112.567	35.0817	60296	112.569	35.0716
60199	112.567	35.0817	60328	112.566	35.0817
60200	112.566	35.0819	60328	112.566	35.0817
60201	112.568	35.0998	60252	112.568	35.099
60201	112.568	35.0998	60255	112.561	35.0937
60201	112.568	35.0998	60270	112.569	35.1038
60201	112.568	35.0998	60344	112.567	35.0969
60202	112.573	35.0705	60298	112.57	35.0706
60202	112.573	35.0705	60327	112.579	35.0686
60202	112.573	35.0705	60339	112.572	35.0711
60202	112.573	35.0705	60347	112.574	35.0708
60203	112.602	35.0836	60228	112.606	35.0821
60204	112.056	35.1816	60205	112.058	35.1022
60205	112.058	35.1022	60206	112.062	35.0684
60205	112.058	35.1022	60238	112.082	35.1088
60206	112.062	35.0684	60220	112.138	35.0371
60206	112.062	35.0684	60246	112.216	34.9837
60207	112.499	35.0556	60243	112.501	35.0849
60209	112.576	35.1202	60222	112.574	35.1387
60210	112.599	35.1768	60233	112.58	35.1865
60210	112.599	35.1768	60281	112.59	35.2161
60210	112.599	35.1768	60287	112.581	35.1534
60210	112.599	35.1768	60307	112.612	35.1282
60212	112.531	35.1334	60230	112.539	35.1095
60213	112.61	35.0873	60228	112.606	35.0821
60213	112.61	35.0873	60282	112.614	35.0817
60213	112.61	35.0873	60341	112.611	35.0922
60213	112.61	35.0873	60350	112.602	35.0903
60214	112.579	35.0686	60215	112.579	35.0689
60214	112.579	35.0686	60216	112.581	35.0691
60214	112.579	35.0686	60226	112.585	35.0619
60214	112.579	35.0686	60327	112.579	35.0686
60215	112.579	35.0689	60216	112.581	35.0691
60215	112.579	35.0689	60327	112.579	35.0686
60215	112.579	35.0689	60347	112.574	35.0708
60216	112.581	35.0691	60226	112.585	35.0619
60216	112.581	35.0691	60272	112.581	35.0691
60217	112.6	35.0701	60268	112.605	35.0667
60217	112.6	35.0701	60275	112.596	35.0696
60217	112.6	35.0701	60277	112.596	35.0711
60217	112.6	35.0701	60315	112.6	35.0683
60217	112.6	35.0701	60319	112.601	35.0661
60218	112.591	35.1026	60219	112.595	35.0956
60218	112.591	35.1026	60292	112.606	35.1058
60218	112.591	35.1026	60293	112.585	35.1032
60218	112.591	35.1026	60343	112.589	35.0992
60219	112.595	35.0956	60250	112.592	35.0935
60219	112.595	35.0956	60265	112.6	35.093
60219	112.595	35.0956	60292	112.606	35.1058
60219	112.595	35.0956	60301	112.595	35.0917
60219	112.595	35.0956	60324	112.607	35.1011
60219	112.595	35.0956	60343	112.589	35.0992
60220	112.138	35.0371	60223	112.164	35.0374
60220	112.138	35.0371	60224	112.154	35.0876
60222	112.574	35.1387	60287	112.581	35.1534
60223	112.164	35.0374	60224	112.154	35.0876
60223	112.164	35.0374	60234	112.195	35.0337
60226	112.585	35.0619	60271	112.59	35.0665
60226	112.585	35.0619	60272	112.581	35.0691
60226	112.585	35.0619	60314	112.588	35.07
60226	112.585	35.0619	60327	112.579	35.0686
60226	112.585	35.0619	60332	112.589	35.0692
60226	112.585	35.0619	60345	112.595	35.0469
60227	112.597	35.0887	60257	112.602	35.0903
60227	112.597	35.0887	60259	112.599	35.0911
60227	112.597	35.0887	60306	112.592	35.0897
60227	112.597	35.0887	60333	112.601	35.0833
60227	112.597	35.0887	60336	112.597	35.0903
60227	112.597	35.0887	60354	112.597	35.0903
60228	112.606	35.0821	60267	112.606	35.0761
60228	112.606	35.0821	60282	112.614	35.0817
60228	112.606	35.0821	60322	112.603	35.0775
60229	112.396	35.2265	60235	112.303	35.176
60229	112.396	35.2265	60242	112.186	35.2466
60229	112.396	35.2265	60281	112.59	35.2161
60231	112.589	35.0832	60263	112.593	35.0791
60231	112.589	35.0832	60306	112.592	35.0897
60232	112.666	35.1426	60244	112.694	35.1449
60233	112.58	35.1865	60281	112.59	35.2161
60239	112.264	35.0181	60246	112.216	34.9837
60241	112.578	35.0243	60251	112.55	35.0278
60242	112.186	35.2466	60281	112.59	35.2161
60244	112.694	35.1449	60294	112.703	35.1795
60245	112.63	35.0842	60253	112.618	35.0808
60245	112.63	35.0842	60269	112.625	35.089
60245	112.63	35.0842	60278	112.621	35.0685
60245	112.63	35.0842	60302	112.636	35.0543
60249	112.592	35.0926	60250	112.592	35.0935
60249	112.592	35.0926	60301	112.595	35.0917
60249	112.592	35.0926	60306	112.592	35.0897
60250	112.592	35.0935	60301	112.595	35.0917
60250	112.592	35.0935	60343	112.589	35.0992
60252	112.568	35.099	60305	112.574	35.0982
60252	112.568	35.099	60312	112.567	35.0961
60252	112.568	35.099	60344	112.567	35.0969
60253	112.618	35.0808	60269	112.625	35.089
60253	112.618	35.0808	60278	112.621	35.0685
60253	112.618	35.0808	60282	112.614	35.0817
60254	112.574	35.0919	60340	112.574	35.09
60255	112.561	35.0937	60312	112.567	35.0961
60255	112.561	35.0937	60342	112.567	35.0919
60255	112.561	35.0937	60344	112.567	35.0969
60255	112.561	35.0937	60349	112.567	35.0944
60256	112.61	35.0989	60324	112.607	35.1011
60256	112.61	35.0989	60341	112.611	35.0922
60257	112.602	35.0903	60259	112.599	35.0911
60257	112.602	35.0903	60311	112.6	35.0914
60257	112.602	35.0903	60350	112.602	35.0903
60258	112.606	35.0744	60267	112.606	35.0761
60258	112.606	35.0744	60268	112.605	35.0667
60258	112.606	35.0744	60329	112.608	35.0739
60258	112.606	35.0744	60337	112.601	35.0733
60259	112.599	35.0911	60265	112.6	35.093
60259	112.599	35.0911	60311	112.6	35.0914
60259	112.599	35.0911	60354	112.597	35.0903
60260	112.592	35.0778	60261	112.591	35.0779
60260	112.592	35.0778	60263	112.593	35.0791
60260	112.592	35.0778	60285	112.593	35.0774
60261	112.591	35.0779	60263	112.593	35.0791
60261	112.591	35.0779	60285	112.593	35.0774
60262	112.593	35.0775	60263	112.593	35.0791
60262	112.593	35.0775	60285	112.593	35.0774
60262	112.593	35.0775	60286	112.594	35.0779
60263	112.593	35.0791	60285	112.593	35.0774
60263	112.593	35.0791	60286	112.594	35.0779
60264	112.595	35.0468	60299	112.595	35.0468
60264	112.595	35.0468	60345	112.595	35.0469
60265	112.6	35.093	60280	112.602	35.0909
60265	112.6	35.093	60301	112.595	35.0917
60265	112.6	35.093	60311	112.6	35.0914
60265	112.6	35.093	60351	112.602	35.0942
60266	112.603	35.0772	60267	112.606	35.0761
60266	112.603	35.0772	60321	112.602	35.0758
60266	112.603	35.0772	60322	112.603	35.0775
60267	112.606	35.0761	60282	112.614	35.0817
60267	112.606	35.0761	60322	112.603	35.0775
60267	112.606	35.0761	60329	112.608	35.0739
60268	112.605	35.0667	60291	112.605	35.0618
60268	112.605	35.0667	60319	112.601	35.0661
60268	112.605	35.0667	60337	112.601	35.0733
60268	112.605	35.0667	60352	112.603	35.0653
60270	112.569	35.1038	60330	112.566	35.1128
60271	112.59	35.0665	60323	112.59	35.0675
60271	112.59	35.0665	60332	112.589	35.0692
60272	112.581	35.0691	60314	112.588	35.07
60273	112.602	35.0752	60313	112.601	35.0764
60273	112.602	35.0752	60321	112.602	35.0758
60273	112.602	35.0752	60337	112.601	35.0733
60274	112.608	35.1103	60292	112.606	35.1058
60274	112.608	35.1103	60307	112.612	35.1282
60275	112.596	35.0696	60276	112.595	35.0688
60275	112.596	35.0696	60277	112.596	35.0711
60275	112.596	35.0696	60315	112.6	35.0683
60275	112.596	35.0696	60316	112.595	35.0706
60276	112.595	35.0688	60279	112.593	35.0685
60276	112.595	35.0688	60315	112.6	35.0683
60276	112.595	35.0688	60316	112.595	35.0706
60276	112.595	35.0688	60317	112.594	35.0692
60276	112.595	35.0688	60320	112.599	35.0642
60277	112.596	35.0711	60316	112.595	35.0706
60277	112.596	35.0711	60337	112.601	35.0733
60277	112.596	35.0711	60348	112.594	35.073
60278	112.621	35.0685	60291	112.605	35.0618
60278	112.621	35.0685	60302	112.636	35.0543
60279	112.593	35.0685	60317	112.594	35.0692
60279	112.593	35.0685	60323	112.59	35.0675
60279	112.593	35.0685	60334	112.592	35.0672
60279	112.593	35.0685	60338	112.593	35.0702
60280	112.602	35.0909	60311	112.6	35.0914
60280	112.602	35.0909	60341	112.611	35.0922
60280	112.602	35.0909	60350	112.602	35.0903
60280	112.602	35.0909	60351	112.602	35.0942
60281	112.59	35.2161	60309	112.644	35.1912
60283	112.599	35.0771	60284	112.599	35.0769
60283	112.599	35.0771	60313	112.601	35.0764
60283	112.599	35.0771	60322	112.603	35.0775
60283	112.599	35.0771	60325	112.596	35.0767
60283	112.599	35.0771	60333	112.601	35.0833
60284	112.599	35.0769	60313	112.601	35.0764
60284	112.599	35.0769	60337	112.601	35.0733
60285	112.593	35.0774	60348	112.594	35.073
60286	112.594	35.0779	60325	112.596	35.0767
60287	112.581	35.1534	60307	112.612	35.1282
60288	112.6	35.0636	60291	112.605	35.0618
60288	112.6	35.0636	60318	112.601	35.0653
60288	112.6	35.0636	60320	112.599	35.0642
60288	112.6	35.0636	60352	112.603	35.0653
60289	112.662	35.0635	60302	112.636	35.0543
60291	112.605	35.0618	60352	112.603	35.0653
60292	112.606	35.1058	60324	112.607	35.1011
60295	112.65	35.1856	60309	112.644	35.1912
60296	112.569	35.0716	60297	112.569	35.0716
60296	112.569	35.0716	60298	112.57	35.0706
60296	112.569	35.0716	60328	112.566	35.0817
60297	112.569	35.0716	60298	112.57	35.0706
60297	112.569	35.0716	60346	112.569	35.0714
60298	112.57	35.0706	60339	112.572	35.0711
60298	112.57	35.0706	60346	112.569	35.0714
60299	112.595	35.0468	60345	112.595	35.0469
60301	112.595	35.0917	60306	112.592	35.0897
60301	112.595	35.0917	60336	112.597	35.0903
60306	112.592	35.0897	60336	112.597	35.0903
60312	112.567	35.0961	60344	112.567	35.0969
60312	112.567	35.0961	60349	112.567	35.0944
60313	112.601	35.0764	60322	112.603	35.0775
60313	112.601	35.0764	60337	112.601	35.0733
60314	112.588	35.07	60332	112.589	35.0692
60314	112.588	35.07	60338	112.593	35.0702
60315	112.6	35.0683	60318	112.601	35.0653
60315	112.6	35.0683	60319	112.601	35.0661
60315	112.6	35.0683	60320	112.599	35.0642
60316	112.595	35.0706	60317	112.594	35.0692
60316	112.595	35.0706	60338	112.593	35.0702
60316	112.595	35.0706	60348	112.594	35.073
60317	112.594	35.0692	60338	112.593	35.0702
60318	112.601	35.0653	60319	112.601	35.0661
60318	112.601	35.0653	60320	112.599	35.0642
60318	112.601	35.0653	60352	112.603	35.0653
60319	112.601	35.0661	60352	112.603	35.0653
60322	112.603	35.0775	60333	112.601	35.0833
60322	112.603	35.0775	60353	112.601	35.0833
60323	112.59	35.0675	60332	112.589	35.0692
60323	112.59	35.0675	60334	112.592	35.0672
60323	112.59	35.0675	60338	112.593	35.0702
60327	112.579	35.0686	60347	112.574	35.0708
60332	112.589	35.0692	60338	112.593	35.0702
60333	112.601	35.0833	60353	112.601	35.0833
60335	112.578	35.0908	60340	112.574	35.09
60336	112.597	35.0903	60354	112.597	35.0903
60338	112.593	35.0702	60348	112.594	35.073
60339	112.572	35.0711	60346	112.569	35.0714
60339	112.572	35.0711	60347	112.574	35.0708
60341	112.611	35.0922	60350	112.602	35.0903
