15938129613
15039184588
13721495815
15239710000
13838915947
15039180668
15838906856
13838938094
15138815148
13838923435
13838924651
13903890172
13782781660
15978796604
13462896846
13838902838
13849536917
13603899061
15138823158
13782783022
13507670062
13503919028
13838900223
15978731885
13523917591
13523186875
13838906709
13603899398
13507670232
13673919011
15839170976
13462873006
13838926713
13782786921
13938177273
13838932818
13653911133
15138800388
13838920711
13838906448
15036508247
13849531028
13938183798
13838940053
13513812805
15138807072
15138803099
15138812082
13783911438
15138816982
13693911578
15238723796
13523197852
13523190266
13938171878
13721486081
15138816292
13903894255
13949693822
13782758871
13903892084
13838930229
15138812658
13507674467
13938177257
15893010121
13569177309
15138808866
13569119828
13569123312
15239774682
13523911347
15939158680
15938123253
13462449672
13523355399
15239791856
13849533446
13462816896
13462403581
13569116137
18839000932
15803914438
15839199976
13523365425
13523185359
15138813972
15236785975
13838949468
13838930936
13838925245
13523212754
13523185788
13723158287
13623871151
13838902244
13838949575
13838912305
13838934668
13513811122
13782786734
15239736495
13849531060
13507670228
13569105385
13523346428
13462414026
15939159337
18839039033
13838935443
13838944518
13782809482
15239791525
15039196575
15138839379
13623871085
15839156455
13838942838
13838921525
15039192887
15138809090
15838968933
15138802563
15138860707
13838936678
13703892538
13721471650
13782865009
13523916223
13507678489
13507673278
13838943878
13723184728
13721487815
15839124817
15039174668
15838909568
13569142452
13721479721
15803911762
18839032395
15039196530
13782899864
15203906813
13462453563
15839148527
15039170582
13403997883
13782843218
15039196166
15939180983
13569121192
13569145378
13403997691
13507673635
18839035800
13782876795
13507678300
13569129103
13849539395
13523212251
13507676165
13513827878
13462832918
13462427187
13603896944
13849536168
13462884291
15138828939
13938167240
13462896353
13838918899
13569168125
13838907751
13507673411
13507677753
15939146277
18839032367
13523205217
13507673515
18839003243
15238726257
13653910950
13838925649
13838903766
13507670405
13462828050
13838922897
13838903899
13569193008
13523916912
13403993472
13838910829
13782606629
13838911978
13903893608
13603899612
15138809646
18839007626
13938177435
13782806183
13838927945
13782730056
15939113799
13838949577
13949695303
13838920872
15838908940
13523205848
13703895277
13838943238
13838948912
13721493818
15839157891
13513818186
13598538373
13838900757
15938139999
13782753316
15138802058
13849535519
15239782959
15938122524
13949697695
13569199444
13513812764
15939146682
13838935729
13603898698
13523185276
13569118179
13507677223
15838996180
13838940200
13838900124
13639622082
15978715963
15893043385
18839037215
15839157573
15236782682
15893029598
15238700586
15838907999
15236791700
15039179720
13507670264
15838909658
15239791135
13507673140
13403993238
13513827877
18839006786
15138821607
13721494797
13507678133
13723173706
13782783026
15039189454
15138800176
13838927044
13523911818
13838925615
13523362039
13462402533
15839156259
15138816416
15138857930
13838905220
15978713553
15138833111
13723185319
13507677009
13523205154
13523197016
13949691616
13507679643
13523350537
13462484496
13569104096
13623879964
15993739098
13783918570
15939158660
13938179222
15893085196
13523197235
13939161836
13721488413
13462449962
15239704252
13569148539
13523181593
13949691693
13782842285
15839156691
13782837530
15238704464
13673910058
13523187952
13838901793
13569125805
13462870261
15939157865
13462884948
15978716938
13507676748
13403997695
13569108157
13403907646
15893036519
13838912660
13838930530
13513811035
13523205548
13523204021
13523918746
13653914858
13838945585
13523919520
13523360135
15039188515
13507671689
13462844668
13569112938
13523197128
13513818311
15138805003
15938125376
13782729631
15993759198
13723173103
15238749757
13838902454
13507670793
13523190074
13782694442
15239757508
15036534153
13838941487
13903891072
13523185901
13523919441
13507677245
13462848406
13782786880
13513820629
15938127215
13949691376
13513812675
13838948859
13507671518
13849531185
13569119848
13462848698
13782649388
13523210950
13723161659
13523205910
13403918498
13507678025
13523374669
13403997653
13462829264
13838918380
13598519282
15938181293
13839125416
13849535860
13849592289
13523917161
13507670701
13462485368
13462449469
13507670696
13507679146
13507678781
13569127793
13838909767
13903890173
13513811055
13782605368
13838902755
15893034486
13782649120
13838908238
13462891955
13838932372
13513811950
15138819852
13523913337
13523197891
13523212367
13569135884
15239761869
13782758773
13523205531
13838916262
13838931853
15838966558
13782632890
13403904929
13838938528
13838927040
13782666663
13513818729
13523195857
13838923936
13938170982
13507678491
13523205190
18839023365
13462453011
15138853525
13462848878
13523358889
13403911272
13462891937
13838923933
13507676522
13569108187
13462453635
13838909303
13623870868
13838919025
13523916392
13523185286
13569187730
13507671298
13569134818
13462403421
13507670340
13782758168
15236776836
15993751928
13523918013
13523354553
13507670218
13782697908
13838920208
13838909912
13569108146
13523350698
13838949182
13569187719
13507670585
18839009634
15138815982
13523212822
13598519376
13938176362
13523205008
13507679494
13523212250
13507679634
13939126457
13603892003
13838901761
13838935756
13838927182
13507670266
13523197882
13523218284
13523919867
13569131236
13507670830
13939144059
13569105886
13513812140
13507677180
13523212639
13949693586
15039172046
15239701566
15838909603
13838916683
15938129132
13949696531
13603895717
13523914639
13507673692
13513811611
15938123626
13513818202
13782786089
13507671688
13507670355
13462484707
13523190263
13949695971
13569132339
13513827895
13403912012
13523202409
13507678147
13523371220
13462807613
13507670037
13608631752
13462403615
13569121058
15803919848
15939157397
13603896308
13523915292
13403914169
13949691388
13523919317
13523364178
13838907998
13782708719
13523354410
13507670889
15978718278
13507677947
13403996279
13523205160
13462848477
13507679838
13462485353
15893060366
13462437575
13403913642
13523919240
13523354563
13523204361
13523915201
15978718377
13523212577
13523350050
13782694290
13849534710
13838944636
13569106163
15239724858
13462437894
13507679611
13939149640
13949696631
13938177731
13462479331
13569100094
13782884187
13569100065
13838914811
13838916063
13569129100
13569133046
13523197926
13569102765
13523364535
13949699081
13838941282
13849535049
13462449511
15138834898
13949690878
13462870528
13523917185
13523918288
13462896003
13507671668
13513812399
13507679478
13507671854
13462402925
13838917290
13507671358
13507671068
13838925758
13523212353
13507679036
13523362288
13507678267
13513812323
13838929029
13462873538
13782784211
13782717559
13782729849
13507670204
13507678095
13462816806
13513827655
13507679004
13507678429
13507679274
13938151290
13462892522
13838910931
13569134260
13513818981
13462884264
13462896662
13507677225
13523212070
13523919760
13513812664
13838935881
13507678460
13523215674
13523346434
15138832103
13403913906
